16
0 3 21 3 17 14 19 13 29 18 12 12 6 27 30 6 
23 0 2 14 18 8 8 23 14 25 23 27 6 15 5 20 
24 7 0 2 27 16 7 15 28 27 24 10 8 21 28 8 
26 20 1 0 1 29 1 8 21 6 25 5 2 22 12 28 
3 5 5 4 0 1 20 2 7 17 28 30 18 6 20 15 
5 7 26 5 29 0 17 5 7 29 3 23 4 4 14 15 
2 16 11 28 11 12 0 9 12 10 25 1 2 5 6 13 
11 10 20 29 7 18 15 0 3 16 13 5 30 16 1 13 
22 2 20 3 21 22 6 29 0 25 15 15 26 16 19 1 
29 22 3 10 20 1 19 4 25 0 5 16 30 26 24 22 
9 15 15 20 17 5 12 22 3 6 0 7 17 23 14 28 
16 4 19 10 13 8 10 2 11 26 28 0 18 25 23 11 
8 23 26 22 13 4 26 16 26 20 21 24 0 29 14 29 
26 21 3 6 30 15 13 9 8 15 26 5 24 0 21 20 
27 20 12 14 12 24 17 29 9 4 19 22 27 17 0 27 
18 4 17 20 9 16 26 13 16 4 19 11 30 12 23 0 
